Reporte de Ejecucion
--------------------
Mejor Individuo: [17, 62, 105, 67, 85, 101, 4, 37, 90, 13, 66, 23, 48, 58, 46, 59, 53, 47, 8, 56, 21, 24, 12, 98, 2, 81, 82, 78, 100, 41, 1, 38, 107, 39, 11, 97, 87, 92, 54, 45, 33, 50, 86, 102, 99, 36, 95, 71, 34, 93, 94, 64, 49, 76, 84, 80, 51, 18, 106, 73, 44, 42, 74, 65, 68, 27, 19, 60, 10, 25, 20, 9, 35, 16, 72, 31, 104, 96, 83, 15, 7, 91, 103, 40, 88, 43, 29, 5, 30, 79, 63, 32, 75, 89, 70, 3, 61, 57, 28, 77, 26, 55, 14, 22, 6, 69, 108, 52]
Fitness: 199.36
Numero de Generaciones: 20
Tamano de Poblacion: 20
Probabilidad de Mutacion: 0.5
Probabilidad de Cruce: 0.9
Tipo de Seleccion: 0
Tiempo de Ejecucion: 22.297 segundos
--------------------
Reporte de Ejecucion
--------------------
Mejor Individuo: [41, 2, 56, 79, 66, 20, 16, 89, 7, 76, 74, 72, 83, 60, 8, 64, 14, 106, 59, 27, 11, 68, 9, 75, 39, 73, 5, 10, 43, 30, 87, 25, 31, 23, 100, 46, 47, 102, 49, 6, 80, 90, 97, 33, 12, 70, 38, 52, 91, 65, 62, 54, 82, 28, 36, 93, 63, 67, 44, 40, 4, 88, 78, 34, 15, 103, 61, 98, 81, 50, 55, 57, 94, 58, 1, 95, 22, 108, 37, 29, 3, 51, 18, 45, 92, 99, 26, 101, 71, 85, 104, 53, 84, 19, 48, 107, 24, 32, 77, 96, 17, 42, 105, 21, 69, 86, 35, 13]
Fitness: 204.02
Numero de Generaciones: 20
Tamano de Poblacion: 20
Probabilidad de Mutacion: 0.5
Probabilidad de Cruce: 0.9
Tipo de Seleccion: 0
Tiempo de Ejecucion: 22.411 segundos
--------------------
Reporte de Ejecucion
--------------------
Mejor Individuo: [21, 49, 60, 51, 62, 66, 39, 75, 32, 92, 15, 26, 101, 99, 50, 16, 107, 95, 55, 28, 30, 20, 59, 25, 52, 4, 29, 105, 102, 93, 24, 17, 81, 98, 61, 38, 42, 44, 100, 57, 19, 94, 6, 82, 46, 108, 58, 74, 23, 12, 90, 34, 86, 91, 3, 106, 65, 67, 68, 18, 35, 73, 36, 43, 53, 10, 103, 97, 69, 89, 104, 54, 76, 79, 9, 96, 8, 72, 14, 41, 5, 40, 63, 33, 37, 27, 31, 48, 64, 77, 71, 87, 11, 70, 22, 80, 85, 1, 78, 13, 7, 84, 47, 45, 83, 2, 56, 88]
Fitness: 197.0
Numero de Generaciones: 20
Tamano de Poblacion: 20
Probabilidad de Mutacion: 0.5
Probabilidad de Cruce: 0.9
Tipo de Seleccion: 0
Tiempo de Ejecucion: 22.107 segundos
--------------------
Reporte de Ejecucion
--------------------
Mejor Individuo: [78, 85, 94, 54, 55, 66, 28, 99, 44, 93, 1, 13, 83, 92, 35, 33, 21, 59, 81, 5, 87, 23, 77, 29, 15, 80, 108, 30, 51, 3, 76, 95, 98, 56, 106, 48, 16, 91, 22, 102, 75, 27, 96, 90, 43, 17, 62, 40, 31, 4, 86, 58, 24, 82, 2, 37, 52, 20, 63, 7, 34, 6, 18, 50, 73, 53, 68, 26, 103, 97, 46, 61, 71, 39, 60, 72, 101, 67, 9, 105, 70, 32, 38, 12, 11, 8, 104, 69, 89, 49, 84, 25, 64, 41, 88, 10, 107, 14, 79, 74, 100, 42, 45, 36, 65, 19, 57, 47]
Fitness: 191.78
Numero de Generaciones: 20
Tamano de Poblacion: 20
Probabilidad de Mutacion: 0.5
Probabilidad de Cruce: 0.9
Tipo de Seleccion: 0
Tiempo de Ejecucion: 22.232 segundos
--------------------
Reporte de Ejecucion
--------------------
Mejor Individuo: [7, 79, 50, 76, 27, 12, 56, 100, 37, 10, 32, 4, 41, 40, 73, 30, 102, 68, 34, 9, 87, 80, 5, 38, 36, 99, 17, 46, 84, 108, 90, 86, 72, 98, 95, 39, 81, 75, 31, 83, 92, 62, 64, 22, 3, 53, 28, 24, 33, 61, 59, 105, 93, 74, 52, 88, 66, 69, 82, 25, 77, 63, 16, 43, 18, 78, 85, 58, 91, 2, 23, 89, 96, 21, 42, 14, 106, 13, 55, 70, 67, 45, 15, 1, 6, 29, 65, 94, 51, 44, 57, 97, 60, 35, 101, 107, 71, 103, 47, 54, 19, 26, 49, 48, 104, 20, 8, 11]
Fitness: 199.24
Numero de Generaciones: 20
Tamano de Poblacion: 20
Probabilidad de Mutacion: 0.5
Probabilidad de Cruce: 0.9
Tipo de Seleccion: 0
Tiempo de Ejecucion: 22.178 segundos
--------------------
Reporte de Ejecucion
--------------------
Mejor Individuo: [62, 98, 76, 19, 68, 83, 36, 88, 75, 37, 32, 4, 3, 9, 53, 77, 94, 6, 104, 16, 107, 90, 91, 33, 60, 17, 24, 8, 97, 7, 35, 81, 11, 48, 2, 12, 14, 29, 49, 99, 46, 96, 51, 23, 69, 31, 95, 92, 70, 63, 58, 25, 80, 30, 26, 106, 86, 93, 15, 54, 66, 43, 59, 105, 100, 101, 42, 78, 64, 21, 18, 103, 47, 87, 34, 27, 20, 40, 84, 73, 50, 5, 79, 56, 10, 57, 1, 61, 28, 67, 82, 44, 72, 52, 85, 108, 89, 74, 38, 55, 71, 22, 39, 41, 65, 102, 45, 13]
Fitness: 191.38
Numero de Generaciones: 20
Tamano de Poblacion: 20
Probabilidad de Mutacion: 0.5
Probabilidad de Cruce: 0.9
Tipo de Seleccion: 0
Tiempo de Ejecucion: 22.444 segundos
--------------------
Reporte de Ejecucion
--------------------
Mejor Individuo: [61, 4, 47, 8, 19, 108, 52, 56, 29, 32, 70, 43, 72, 20, 1, 45, 17, 44, 36, 96, 83, 94, 53, 18, 14, 89, 7, 46, 41, 9, 104, 54, 95, 24, 48, 92, 49, 30, 103, 21, 77, 71, 90, 12, 82, 87, 51, 50, 74, 33, 25, 11, 91, 16, 38, 57, 97, 27, 34, 100, 2, 93, 75, 78, 101, 99, 65, 105, 5, 15, 58, 102, 26, 62, 35, 69, 42, 73, 23, 84, 64, 22, 76, 37, 63, 60, 55, 80, 10, 39, 28, 79, 107, 31, 66, 81, 98, 85, 59, 6, 67, 106, 86, 3, 13, 68, 40, 88]
Fitness: 196.94
Numero de Generaciones: 40
Tamano de Poblacion: 20
Probabilidad de Mutacion: 0.5
Probabilidad de Cruce: 0.9
Tipo de Seleccion: 0
Tiempo de Ejecucion: 44.519 segundos
--------------------
Reporte de Ejecucion
--------------------
Mejor Individuo: [66, 26, 58, 32, 25, 12, 20, 18, 35, 11, 108, 61, 60, 105, 68, 106, 71, 51, 53, 78, 69, 63, 22, 30, 21, 17, 107, 43, 47, 79, 10, 103, 48, 100, 94, 14, 65, 2, 29, 56, 7, 64, 54, 57, 86, 82, 70, 28, 23, 102, 52, 84, 55, 37, 34, 16, 74, 72, 39, 98, 38, 49, 59, 89, 41, 95, 76, 99, 96, 40, 33, 104, 27, 13, 87, 73, 80, 4, 36, 75, 8, 93, 62, 81, 1, 44, 91, 83, 90, 67, 15, 45, 101, 77, 85, 50, 3, 5, 97, 46, 6, 88, 42, 9, 92, 24, 19, 31]
Fitness: 200.52
Numero de Generaciones: 100
Tamano de Poblacion: 20
Probabilidad de Mutacion: 0.5
Probabilidad de Cruce: 0.9
Tipo de Seleccion: 0
Tiempo de Ejecucion: 112.796 segundos
--------------------
Reporte de Ejecucion
--------------------
Mejor Individuo: [52, 84, 8, 32, 42, 26, 43, 3, 21, 29, 58, 20, 12, 54, 34, 102, 14, 78, 7, 108, 67, 68, 36, 27, 35, 86, 38, 19, 103, 88, 33, 79, 2, 104, 40, 11, 98, 72, 31, 89, 30, 82, 66, 49, 6, 73, 61, 90, 25, 1, 65, 69, 80, 9, 87, 39, 96, 57, 41, 71, 44, 47, 15, 99, 10, 59, 81, 55, 62, 74, 77, 28, 70, 4, 64, 37, 53, 16, 75, 13, 100, 63, 23, 5, 51, 83, 17, 56, 92, 76, 50, 60, 24, 105, 101, 94, 107, 85, 95, 46, 45, 18, 48, 22, 93, 97, 91, 106]
Fitness: 200.28
Numero de Generaciones: 100
Tamano de Poblacion: 20
Probabilidad de Mutacion: 0.5
Probabilidad de Cruce: 0.9
Tipo de Seleccion: 0
Tiempo de Ejecucion: 111.419 segundos
--------------------
Reporte de Ejecucion
--------------------
Mejor Individuo: [6, 21, 84, 103, 78, 52, 33, 17, 27, 38, 23, 30, 105, 3, 39, 69, 32, 100, 53, 79, 102, 57, 11, 104, 88, 65, 58, 99, 12, 83, 50, 80, 63, 101, 94, 48, 90, 10, 47, 36, 13, 18, 34, 56, 1, 108, 86, 95, 15, 16, 72, 8, 28, 75, 49, 93, 42, 35, 40, 76, 92, 71, 46, 2, 25, 54, 31, 91, 41, 51, 7, 29, 97, 96, 98, 77, 26, 107, 68, 67, 81, 55, 82, 44, 60, 4, 37, 61, 64, 70, 87, 9, 45, 73, 89, 20, 106, 19, 59, 22, 14, 62, 85, 5, 43, 74, 66, 24]
Fitness: 201.14
Numero de Generaciones: 100
Tamano de Poblacion: 20
Probabilidad de Mutacion: 0.05
Probabilidad de Cruce: 0.9
Tipo de Seleccion: 0
Tiempo de Ejecucion: 111.991 segundos
--------------------
Reporte de Ejecucion
--------------------
Mejor Individuo: [41, 108, 25, 104, 33, 4, 56, 31, 44, 88, 46, 30, 99, 14, 29, 49, 62, 16, 64, 27, 50, 47, 18, 97, 106, 68, 23, 2, 80, 10, 92, 9, 38, 101, 84, 13, 82, 94, 3, 54, 7, 90, 73, 91, 40, 95, 66, 8, 77, 93, 20, 61, 74, 28, 39, 45, 96, 58, 48, 35, 70, 17, 81, 78, 51, 98, 15, 42, 75, 22, 69, 85, 57, 52, 67, 63, 43, 32, 11, 6, 79, 24, 72, 21, 86, 26, 76, 103, 19, 1, 83, 105, 102, 5, 53, 60, 87, 59, 55, 36, 89, 12, 107, 37, 65, 71, 34, 100]
Fitness: 191.3
Numero de Generaciones: 50
Tamano de Poblacion: 20
Probabilidad de Mutacion: 0.01
Probabilidad de Cruce: 0.9
Tipo de Seleccion: 0
Tiempo de Ejecucion: 55.666 segundos
--------------------
Reporte de Ejecucion
--------------------
Mejor Individuo: [87, 48, 53, 74, 67, 63, 108, 86, 104, 41, 61, 24, 100, 106, 72, 92, 66, 16, 70, 39, 82, 91, 12, 35, 60, 19, 84, 80, 98, 88, 11, 68, 99, 4, 107, 81, 95, 30, 33, 22, 14, 17, 73, 5, 94, 45, 69, 101, 9, 64, 42, 46, 20, 13, 76, 21, 47, 29, 28, 40, 43, 54, 78, 10, 93, 3, 38, 56, 90, 26, 85, 77, 71, 6, 36, 57, 52, 37, 55, 79, 62, 65, 83, 58, 34, 96, 25, 1, 7, 8, 105, 59, 97, 32, 27, 102, 44, 49, 15, 23, 103, 89, 50, 31, 75, 51, 2, 18]
Fitness: 203.46
Numero de Generaciones: 50
Tamano de Poblacion: 20
Probabilidad de Mutacion: 0.01
Probabilidad de Cruce: 0.9
Tipo de Seleccion: 0
Tiempo de Ejecucion: 55.68 segundos
--------------------
Reporte de Ejecucion
--------------------
Mejor Individuo: [8, 36, 41, 108, 43, 86, 54, 45, 84, 99, 60, 65, 35, 32, 59, 89, 18, 31, 98, 68, 67, 90, 61, 13, 58, 73, 22, 57, 20, 5, 69, 71, 85, 76, 25, 100, 3, 15, 42, 34, 94, 6, 23, 38, 70, 105, 9, 30, 14, 24, 96, 72, 63, 97, 29, 102, 107, 101, 7, 93, 74, 79, 104, 37, 106, 95, 91, 78, 21, 55, 92, 62, 51, 46, 66, 39, 44, 27, 87, 75, 28, 53, 4, 17, 16, 33, 80, 48, 77, 83, 47, 52, 2, 19, 49, 26, 56, 1, 40, 88, 12, 81, 10, 64, 103, 11, 50, 82]
Fitness: 195.22
Numero de Generaciones: 50
Tamano de Poblacion: 20
Probabilidad de Mutacion: 0.01
Probabilidad de Cruce: 0.9
Tipo de Seleccion: 0
Tiempo de Ejecucion: 56.621 segundos
--------------------
Reporte de Ejecucion
--------------------
Mejor Individuo: [33, 8, 74, 28, 103, 95, 24, 87, 16, 48, 96, 82, 60, 75, 14, 77, 70, 7, 12, 88, 79, 86, 83, 80, 6, 101, 54, 92, 32, 35, 97, 73, 37, 59, 76, 84, 13, 105, 108, 11, 106, 52, 78, 18, 81, 34, 56, 57, 39, 47, 38, 25, 46, 4, 15, 9, 94, 42, 85, 90, 49, 67, 91, 2, 65, 98, 19, 62, 20, 66, 53, 40, 61, 58, 27, 45, 102, 89, 69, 63, 21, 55, 99, 68, 5, 31, 93, 22, 10, 51, 100, 43, 29, 50, 64, 3, 41, 107, 23, 26, 72, 1, 17, 104, 36, 30, 71, 44]
Fitness: 201.66
Numero de Generaciones: 40
Tamano de Poblacion: 15
Probabilidad de Mutacion: 0.01
Probabilidad de Cruce: 0.9
Tipo de Seleccion: 0
Tiempo de Ejecucion: 36.067 segundos
--------------------
Reporte de Ejecucion
--------------------
Mejor Individuo: [44, 13, 45, 29, 9, 17, 107, 20, 73, 42, 26, 46, 50, 39, 88, 2, 103, 84, 32, 65, 58, 23, 52, 35, 25, 28, 90, 63, 74, 48, 10, 51, 66, 21, 94, 41, 92, 37, 18, 38, 67, 61, 43, 100, 91, 79, 106, 55, 96, 24, 19, 78, 16, 69, 14, 77, 54, 59, 93, 87, 56, 98, 85, 15, 49, 64, 70, 57, 75, 31, 33, 71, 81, 30, 47, 40, 8, 99, 102, 68, 62, 27, 5, 7, 36, 53, 97, 34, 12, 82, 4, 1, 72, 11, 80, 89, 76, 22, 6, 108, 83, 95, 105, 60, 86, 101, 3, 104]
Fitness: 204.3
Numero de Generaciones: 40
Tamano de Poblacion: 15
Probabilidad de Mutacion: 0.01
Probabilidad de Cruce: 0.9
Tipo de Seleccion: 0
Tiempo de Ejecucion: 36.1 segundos
--------------------
Reporte de Ejecucion
--------------------
Mejor Individuo: [24, 65, 84, 12, 1, 49, 37, 95, 93, 35, 102, 38, 42, 27, 82, 87, 61, 68, 2, 97, 15, 23, 99, 9, 4, 13, 56, 48, 32, 78, 26, 44, 91, 92, 31, 19, 55, 57, 41, 8, 88, 72, 98, 58, 36, 46, 47, 86, 20, 107, 104, 11, 10, 73, 67, 34, 3, 62, 80, 40, 14, 89, 5, 45, 70, 18, 33, 74, 81, 85, 75, 51, 17, 60, 30, 54, 16, 39, 29, 21, 83, 100, 52, 53, 106, 105, 64, 7, 59, 101, 94, 25, 69, 79, 50, 90, 22, 43, 103, 66, 71, 77, 63, 96, 108, 76, 6, 28]
Fitness: 202.54
Numero de Generaciones: 40
Tamano de Poblacion: 15
Probabilidad de Mutacion: 0.01
Probabilidad de Cruce: 0.9
Tipo de Seleccion: 0
Tiempo de Ejecucion: 35.552 segundos
--------------------
Reporte de Ejecucion
--------------------
Mejor Individuo: [60, 43, 18, 22, 12, 28, 65, 97, 16, 53, 101, 86, 51, 59, 56, 45, 66, 11, 2, 61, 30, 19, 6, 76, 99, 96, 94, 38, 49, 39, 1, 31, 72, 9, 68, 74, 41, 83, 81, 90, 32, 73, 33, 10, 93, 79, 107, 71, 29, 88, 89, 67, 24, 100, 95, 70, 80, 105, 82, 42, 7, 69, 25, 92, 57, 85, 84, 91, 27, 50, 20, 13, 52, 36, 75, 98, 8, 104, 40, 55, 23, 64, 17, 54, 46, 87, 3, 26, 34, 37, 5, 47, 48, 103, 58, 108, 106, 63, 15, 78, 4, 62, 44, 77, 21, 35, 102, 14]
Fitness: 198.0
Numero de Generaciones: 200
Tamano de Poblacion: 15
Probabilidad de Mutacion: 0.01
Probabilidad de Cruce: 0.95
Tipo de Seleccion: 0
Tiempo de Ejecucion: 178.111 segundos
--------------------
Reporte de Ejecucion
--------------------
Mejor Individuo: [102, 42, 15, 7, 54, 84, 53, 85, 74, 73, 70, 27, 2, 87, 90, 62, 21, 98, 51, 75, 57, 59, 26, 9, 40, 6, 45, 31, 83, 19, 80, 18, 11, 66, 52, 96, 95, 50, 60, 55, 35, 81, 16, 32, 47, 97, 105, 44, 28, 100, 56, 72, 49, 48, 8, 14, 94, 68, 10, 88, 64, 91, 24, 43, 5, 38, 61, 93, 92, 13, 103, 17, 99, 39, 58, 37, 33, 22, 71, 78, 79, 77, 46, 67, 29, 89, 1, 86, 36, 34, 3, 63, 12, 108, 107, 30, 101, 25, 20, 69, 76, 82, 104, 23, 41, 65, 106, 4]
Fitness: 194.44
Numero de Generaciones: 100
Tamano de Poblacion: 15
Probabilidad de Mutacion: 0.01
Probabilidad de Cruce: 0.95
Tipo de Seleccion: 1
Tiempo de Ejecucion: 88.884 segundos
--------------------
Reporte de Ejecucion
--------------------
Mejor Individuo: [48, 76, 5, 22, 102, 2, 26, 9, 35, 3, 72, 1, 75, 42, 40, 81, 59, 37, 14, 46, 92, 79, 73, 82, 97, 41, 64, 8, 49, 52, 18, 90, 96, 86, 45, 16, 61, 12, 101, 31, 55, 58, 66, 60, 28, 44, 47, 91, 17, 20, 94, 93, 24, 62, 4, 78, 33, 51, 27, 108, 103, 6, 30, 84, 21, 11, 68, 106, 95, 54, 10, 34, 98, 32, 87, 43, 19, 88, 7, 38, 99, 67, 85, 56, 77, 100, 25, 39, 50, 69, 23, 65, 29, 80, 104, 36, 105, 83, 53, 74, 63, 15, 57, 89, 71, 70, 13, 107]
Fitness: 200.08
Numero de Generaciones: 100
Tamano de Poblacion: 15
Probabilidad de Mutacion: 0.01
Probabilidad de Cruce: 0.95
Tipo de Seleccion: 1
Tiempo de Ejecucion: 86.942 segundos
--------------------
Reporte de Ejecucion
--------------------
Mejor Individuo: [94, 82, 6, 63, 39, 43, 27, 25, 19, 88, 22, 4, 53, 13, 1, 16, 15, 69, 95, 11, 101, 12, 87, 104, 74, 24, 73, 3, 93, 48, 80, 8, 10, 42, 37, 103, 97, 40, 90, 105, 44, 84, 62, 30, 61, 47, 52, 96, 51, 23, 92, 31, 41, 75, 38, 2, 9, 77, 99, 67, 68, 64, 21, 18, 60, 91, 56, 58, 86, 89, 65, 35, 66, 50, 72, 107, 49, 83, 32, 108, 57, 17, 106, 70, 54, 26, 20, 5, 85, 33, 79, 45, 55, 59, 100, 76, 46, 14, 36, 34, 78, 28, 7, 29, 81, 102, 98, 71]
Fitness: 199.82
Numero de Generaciones: 100
Tamano de Poblacion: 15
Probabilidad de Mutacion: 0.01
Probabilidad de Cruce: 0.95
Tipo de Seleccion: 1
Tiempo de Ejecucion: 87.792 segundos
--------------------
Reporte de Ejecucion
--------------------
Mejor Individuo: [10, 48, 97, 40, 84, 51, 99, 49, 78, 52, 71, 70, 31, 11, 26, 83, 64, 91, 15, 29, 90, 7, 94, 16, 96, 77, 33, 104, 92, 1, 30, 59, 82, 24, 17, 6, 75, 88, 38, 72, 95, 53, 45, 32, 55, 39, 12, 85, 3, 43, 98, 89, 106, 46, 68, 42, 25, 87, 76, 34, 93, 9, 86, 13, 14, 73, 60, 50, 37, 62, 19, 41, 47, 36, 4, 66, 18, 81, 105, 69, 35, 103, 23, 5, 61, 2, 108, 27, 101, 21, 8, 56, 102, 79, 20, 44, 100, 28, 22, 63, 57, 67, 54, 58, 65, 107, 80, 74]
Fitness: 193.5
Numero de Generaciones: 100
Tamano de Poblacion: 15
Probabilidad de Mutacion: 0.01
Probabilidad de Cruce: 0.95
Tipo de Seleccion: 1
Tiempo de Ejecucion: 160.364 segundos
--------------------
