Reporte de Ejecucion
--------------------
Mejor Individuo: [107, 67, 66, 7, 74, 18, 108, 90, 56, 31, 40, 34, 51, 11, 47, 62, 100, 71, 28, 45, 105, 97, 96, 69, 58, 55, 54, 57, 38, 4, 48, 73, 95, 21, 65, 52, 1, 63, 37, 22, 99, 2, 98, 53, 75, 46, 87, 8, 43, 15, 83, 88, 72, 61, 5, 42, 78, 86, 20, 10, 39, 103, 9, 101, 41, 106, 27, 44, 35, 85, 24, 59, 70, 104, 13, 84, 32, 25, 50, 94, 79, 80, 77, 89, 19, 17, 82, 60, 64, 29, 6, 92, 68, 81, 30, 93, 76, 91, 49, 14, 102, 23, 12, 26, 36, 33, 3, 16]
Fitness: 196.44
Numero de Generaciones: 20
Tamano de Poblacion: 20
Probabilidad de Mutacion: 0.1
Probabilidad de Cruce: 0.7
Tipo de Seleccion: 0
Tiempo de Ejecucion: 22.38 segundos
--------------------
Reporte de Ejecucion
--------------------
Mejor Individuo: [6, 13, 61, 93, 17, 4, 62, 14, 52, 24, 20, 3, 98, 1, 57, 101, 47, 75, 60, 70, 99, 100, 88, 51, 26, 12, 7, 30, 65, 10, 79, 55, 16, 95, 68, 83, 38, 72, 40, 77, 78, 102, 18, 2, 9, 11, 67, 23, 19, 21, 58, 64, 45, 5, 89, 56, 32, 91, 25, 63, 96, 108, 49, 97, 37, 73, 104, 74, 87, 90, 71, 27, 42, 50, 44, 53, 8, 76, 92, 59, 82, 94, 15, 105, 35, 106, 46, 107, 85, 69, 66, 86, 81, 22, 43, 33, 28, 41, 80, 29, 36, 34, 31, 84, 39, 103, 54, 48]
Fitness: 195.9
Numero de Generaciones: 20
Tamano de Poblacion: 20
Probabilidad de Mutacion: 0.1
Probabilidad de Cruce: 0.6
Tipo de Seleccion: 0
Tiempo de Ejecucion: 23.48 segundos
--------------------
Reporte de Ejecucion
--------------------
Mejor Individuo: [10, 63, 43, 86, 56, 81, 54, 67, 98, 78, 17, 94, 99, 55, 40, 64, 31, 62, 15, 12, 96, 36, 13, 23, 80, 5, 91, 88, 76, 82, 69, 38, 35, 37, 100, 21, 24, 22, 93, 2, 39, 65, 7, 95, 34, 68, 92, 44, 9, 20, 97, 25, 59, 107, 57, 71, 52, 45, 51, 33, 32, 46, 6, 50, 85, 29, 53, 28, 1, 14, 27, 60, 74, 70, 19, 73, 75, 102, 48, 72, 84, 108, 41, 89, 11, 18, 106, 87, 3, 101, 77, 104, 26, 79, 90, 47, 58, 30, 105, 83, 49, 16, 66, 103, 4, 8, 42, 61]
Fitness: 193.8
Numero de Generaciones: 20
Tamano de Poblacion: 20
Probabilidad de Mutacion: 0.1
Probabilidad de Cruce: 0.5
Tipo de Seleccion: 0
Tiempo de Ejecucion: 23.829 segundos
--------------------
Reporte de Ejecucion
--------------------
Mejor Individuo: [13, 83, 80, 38, 66, 22, 89, 21, 30, 61, 11, 69, 5, 57, 92, 67, 48, 27, 72, 88, 75, 20, 29, 19, 45, 98, 86, 23, 44, 4, 14, 64, 97, 25, 9, 7, 26, 40, 96, 49, 43, 82, 68, 85, 94, 15, 78, 3, 90, 53, 39, 102, 101, 93, 37, 73, 41, 35, 60, 18, 1, 51, 42, 56, 74, 55, 84, 16, 50, 103, 12, 2, 36, 99, 105, 59, 62, 76, 47, 81, 8, 24, 63, 65, 6, 91, 95, 77, 54, 108, 52, 58, 106, 100, 33, 104, 70, 46, 17, 71, 34, 107, 32, 79, 10, 87, 28, 31]
Fitness: 197.98
Numero de Generaciones: 20
Tamano de Poblacion: 20
Probabilidad de Mutacion: 0.1
Probabilidad de Cruce: 0.35
Tipo de Seleccion: 0
Tiempo de Ejecucion: 23.718 segundos
--------------------
Reporte de Ejecucion
--------------------
Mejor Individuo: [8, 36, 93, 10, 60, 78, 14, 39, 97, 68, 31, 53, 63, 34, 9, 100, 19, 26, 62, 61, 4, 92, 95, 107, 55, 21, 82, 6, 40, 71, 81, 69, 99, 5, 27, 33, 45, 58, 48, 37, 94, 16, 76, 56, 75, 28, 77, 20, 18, 98, 80, 22, 1, 23, 54, 41, 13, 96, 11, 89, 73, 104, 105, 91, 86, 52, 85, 83, 64, 57, 70, 66, 65, 108, 51, 35, 38, 29, 88, 47, 42, 17, 72, 46, 44, 67, 79, 2, 12, 30, 50, 103, 7, 84, 106, 24, 15, 102, 43, 59, 32, 25, 49, 90, 87, 3, 101, 74]
Fitness: 197.4
Numero de Generaciones: 20
Tamano de Poblacion: 20
Probabilidad de Mutacion: 0.1
Probabilidad de Cruce: 0.9
Tipo de Seleccion: 0
Tiempo de Ejecucion: 23.483 segundos
--------------------
Reporte de Ejecucion
--------------------
Mejor Individuo: [2, 54, 76, 82, 9, 60, 52, 69, 28, 80, 26, 99, 101, 23, 22, 18, 72, 48, 31, 37, 7, 77, 103, 107, 3, 98, 36, 73, 30, 95, 12, 49, 58, 97, 46, 75, 11, 57, 1, 96, 86, 68, 17, 55, 13, 74, 56, 104, 43, 14, 29, 5, 93, 33, 79, 51, 40, 20, 27, 15, 62, 32, 4, 106, 39, 91, 41, 53, 19, 63, 100, 90, 66, 61, 94, 21, 24, 83, 8, 65, 64, 25, 102, 88, 87, 81, 105, 44, 45, 89, 38, 50, 59, 47, 92, 34, 35, 16, 84, 78, 70, 67, 6, 108, 71, 42, 10, 85]
Fitness: 190.98
Numero de Generaciones: 20
Tamano de Poblacion: 20
Probabilidad de Mutacion: 0.2
Probabilidad de Cruce: 0.6
Tipo de Seleccion: 0
Tiempo de Ejecucion: 23.509 segundos
--------------------
Reporte de Ejecucion
--------------------
Mejor Individuo: [80, 9, 4, 8, 95, 34, 87, 74, 50, 71, 31, 99, 20, 25, 107, 61, 24, 16, 5, 51, 18, 14, 10, 11, 40, 64, 6, 42, 81, 36, 96, 66, 44, 1, 33, 106, 38, 62, 68, 45, 35, 13, 103, 75, 15, 55, 84, 94, 48, 97, 98, 23, 56, 72, 41, 67, 46, 3, 19, 88, 92, 57, 39, 101, 17, 65, 70, 43, 86, 58, 108, 52, 89, 59, 102, 22, 79, 28, 37, 76, 2, 93, 21, 69, 60, 47, 27, 7, 54, 53, 49, 78, 26, 83, 91, 104, 82, 30, 12, 32, 73, 90, 63, 100, 77, 105, 85, 29]
Fitness: 198.12
Numero de Generaciones: 20
Tamano de Poblacion: 20
Probabilidad de Mutacion: 0.2
Probabilidad de Cruce: 0.5
Tipo de Seleccion: 0
Tiempo de Ejecucion: 24.016 segundos
--------------------
Reporte de Ejecucion
--------------------
Mejor Individuo: [39, 18, 10, 74, 57, 1, 108, 68, 3, 101, 55, 36, 60, 69, 4, 96, 71, 26, 94, 20, 7, 79, 21, 2, 9, 43, 50, 22, 13, 35, 45, 37, 41, 16, 91, 42, 62, 99, 5, 52, 14, 105, 84, 76, 15, 34, 63, 75, 8, 12, 44, 81, 40, 78, 93, 33, 61, 32, 107, 70, 97, 72, 86, 24, 88, 87, 92, 51, 19, 90, 106, 47, 83, 28, 27, 73, 31, 89, 95, 58, 80, 53, 25, 65, 98, 29, 66, 56, 67, 49, 85, 6, 48, 46, 17, 23, 102, 100, 54, 38, 11, 104, 82, 64, 77, 30, 59, 103]
Fitness: 193.66
Numero de Generaciones: 20
Tamano de Poblacion: 20
Probabilidad de Mutacion: 0.2
Probabilidad de Cruce: 0.35
Tipo de Seleccion: 0
Tiempo de Ejecucion: 23.84 segundos
--------------------
Reporte de Ejecucion
--------------------
Mejor Individuo: [52, 38, 34, 80, 11, 102, 7, 76, 69, 24, 62, 8, 42, 88, 57, 45, 20, 58, 108, 104, 71, 15, 28, 17, 105, 86, 92, 6, 79, 22, 84, 99, 55, 81, 78, 36, 44, 66, 74, 26, 101, 93, 67, 40, 49, 14, 87, 61, 35, 70, 63, 95, 9, 47, 72, 85, 53, 60, 65, 94, 12, 83, 37, 23, 82, 77, 91, 18, 96, 75, 98, 97, 89, 4, 90, 41, 13, 100, 16, 51, 59, 107, 43, 33, 73, 10, 46, 25, 19, 5, 30, 2, 56, 21, 31, 27, 103, 48, 39, 1, 68, 29, 50, 54, 3, 32, 64, 106]
Fitness: 198.2
Numero de Generaciones: 20
Tamano de Poblacion: 20
Probabilidad de Mutacion: 0.2
Probabilidad de Cruce: 0.9
Tipo de Seleccion: 0
Tiempo de Ejecucion: 24.084 segundos
--------------------
Reporte de Ejecucion
--------------------
Mejor Individuo: [25, 45, 75, 84, 107, 81, 14, 97, 19, 103, 15, 22, 4, 55, 92, 49, 24, 10, 95, 59, 106, 46, 18, 63, 5, 83, 50, 30, 64, 77, 43, 89, 82, 94, 58, 53, 60, 96, 54, 13, 80, 12, 47, 51, 99, 3, 87, 6, 32, 40, 41, 28, 91, 101, 88, 85, 31, 93, 48, 37, 29, 44, 98, 20, 68, 1, 67, 23, 42, 9, 8, 26, 39, 34, 72, 102, 104, 21, 17, 90, 73, 35, 66, 105, 62, 70, 86, 38, 61, 52, 108, 71, 65, 100, 27, 76, 56, 33, 79, 16, 74, 69, 7, 11, 2, 57, 36, 78]
Fitness: 195.9
Numero de Generaciones: 20
Tamano de Poblacion: 20
Probabilidad de Mutacion: 0.3
Probabilidad de Cruce: 0.7
Tipo de Seleccion: 0
Tiempo de Ejecucion: 22.369 segundos
--------------------
Reporte de Ejecucion
--------------------
Mejor Individuo: [31, 69, 43, 53, 14, 21, 64, 105, 62, 13, 4, 42, 59, 91, 95, 94, 72, 102, 1, 60, 32, 11, 61, 18, 66, 16, 47, 77, 99, 79, 100, 76, 107, 83, 17, 82, 67, 20, 49, 70, 22, 87, 36, 98, 46, 90, 38, 97, 103, 106, 73, 63, 75, 44, 86, 104, 7, 24, 81, 84, 2, 92, 93, 9, 96, 34, 45, 85, 33, 37, 51, 55, 10, 56, 89, 68, 5, 15, 57, 39, 23, 54, 108, 78, 48, 71, 40, 41, 19, 88, 52, 26, 6, 74, 3, 58, 65, 30, 12, 8, 35, 28, 101, 25, 80, 50, 29, 27]
Fitness: 198.54
Numero de Generaciones: 20
Tamano de Poblacion: 20
Probabilidad de Mutacion: 0.5
Probabilidad de Cruce: 0.7
Tipo de Seleccion: 0
Tiempo de Ejecucion: 23.038 segundos
--------------------
Reporte de Ejecucion
--------------------
Mejor Individuo: [98, 22, 68, 16, 11, 13, 101, 102, 78, 104, 28, 36, 35, 95, 97, 8, 10, 89, 74, 41, 76, 59, 18, 23, 15, 66, 85, 48, 99, 20, 70, 46, 77, 71, 56, 90, 73, 9, 30, 44, 53, 45, 25, 42, 82, 31, 96, 49, 100, 88, 94, 47, 21, 24, 58, 27, 34, 54, 107, 19, 55, 2, 108, 40, 80, 29, 65, 67, 69, 3, 60, 12, 91, 93, 5, 86, 33, 92, 83, 62, 57, 63, 105, 75, 87, 26, 79, 39, 14, 37, 1, 106, 81, 6, 72, 52, 4, 61, 103, 32, 51, 17, 50, 64, 7, 38, 43, 84]
Fitness: 191.16
Numero de Generaciones: 20
Tamano de Poblacion: 20
Probabilidad de Mutacion: 0.3
Probabilidad de Cruce: 0.5
Tipo de Seleccion: 0
Tiempo de Ejecucion: 23.79 segundos
--------------------
Reporte de Ejecucion
--------------------
Mejor Individuo: [38, 78, 97, 96, 103, 53, 64, 25, 32, 106, 88, 89, 85, 31, 77, 86, 43, 101, 45, 95, 99, 18, 7, 104, 6, 108, 56, 8, 21, 57, 52, 66, 75, 4, 54, 20, 105, 87, 80, 48, 40, 23, 3, 15, 27, 59, 83, 82, 33, 13, 2, 28, 29, 49, 9, 94, 42, 93, 65, 67, 63, 98, 1, 107, 10, 74, 44, 19, 71, 47, 35, 14, 72, 76, 37, 102, 61, 16, 12, 73, 90, 69, 36, 11, 70, 51, 81, 41, 55, 58, 91, 24, 62, 22, 60, 17, 100, 92, 39, 84, 30, 34, 50, 26, 5, 46, 79, 68]
Fitness: 197.78
Numero de Generaciones: 20
Tamano de Poblacion: 20
Probabilidad de Mutacion: 0.5
Probabilidad de Cruce: 0.5
Tipo de Seleccion: 0
Tiempo de Ejecucion: 23.011 segundos
--------------------
Reporte de Ejecucion
--------------------
Mejor Individuo: [9, 66, 96, 62, 51, 14, 10, 5, 23, 27, 11, 98, 24, 89, 16, 19, 21, 22, 43, 61, 92, 83, 53, 74, 40, 86, 77, 60, 100, 103, 97, 106, 42, 45, 94, 81, 29, 95, 54, 31, 91, 17, 4, 102, 55, 34, 48, 79, 56, 35, 88, 26, 47, 20, 33, 6, 76, 93, 80, 2, 82, 7, 63, 64, 37, 50, 68, 12, 18, 105, 52, 69, 57, 85, 3, 30, 71, 39, 36, 32, 84, 15, 99, 41, 87, 59, 108, 67, 75, 107, 70, 101, 49, 65, 28, 72, 38, 1, 90, 25, 44, 73, 13, 8, 78, 104, 58, 46]
Fitness: 195.8
Numero de Generaciones: 20
Tamano de Poblacion: 20
Probabilidad de Mutacion: 0.3
Probabilidad de Cruce: 0.9
Tipo de Seleccion: 0
Tiempo de Ejecucion: 23.675 segundos
--------------------
Reporte de Ejecucion
--------------------
Mejor Individuo: [14, 25, 12, 67, 107, 24, 58, 19, 3, 8, 101, 86, 59, 28, 55, 66, 99, 77, 100, 39, 62, 5, 75, 16, 17, 83, 11, 98, 54, 89, 52, 51, 97, 96, 84, 103, 63, 68, 48, 42, 23, 64, 106, 94, 7, 21, 81, 31, 56, 9, 73, 40, 1, 34, 22, 79, 18, 2, 4, 46, 76, 82, 80, 36, 53, 27, 10, 15, 65, 102, 43, 69, 44, 35, 47, 50, 13, 41, 60, 30, 38, 72, 88, 57, 45, 37, 90, 29, 32, 95, 33, 20, 74, 71, 87, 49, 92, 108, 61, 104, 91, 85, 93, 6, 105, 70, 26, 78]
Fitness: 193.24
Numero de Generaciones: 20
Tamano de Poblacion: 20
Probabilidad de Mutacion: 0.5
Probabilidad de Cruce: 0.9
Tipo de Seleccion: 0
Tiempo de Ejecucion: 23.876 segundos
--------------------
Reporte de Ejecucion
--------------------
Mejor Individuo: [31, 108, 13, 59, 45, 15, 28, 83, 63, 100, 73, 5, 44, 103, 60, 66, 52, 18, 71, 99, 54, 88, 65, 3, 8, 68, 85, 6, 39, 89, 74, 75, 2, 62, 34, 26, 64, 101, 79, 69, 53, 16, 102, 56, 32, 61, 80, 42, 96, 46, 55, 84, 72, 81, 50, 93, 57, 97, 29, 49, 22, 25, 98, 36, 82, 67, 91, 17, 33, 12, 48, 19, 107, 58, 47, 23, 40, 86, 11, 35, 20, 27, 30, 77, 14, 95, 94, 1, 7, 43, 51, 10, 37, 24, 9, 41, 90, 70, 105, 104, 4, 92, 78, 21, 76, 87, 106, 38]
Fitness: 192.48
Numero de Generaciones: 20
Tamano de Poblacion: 20
Probabilidad de Mutacion: 0.5
Probabilidad de Cruce: 0.9
Tipo de Seleccion: 0
Tiempo de Ejecucion: 22.933 segundos
--------------------
